10,10
10,79
10,153
10,89
10,251
10,277
10,11
10,2
11,23
11,17
11,28
11,26
9,7
9,6
9,1
9,4
9,2
9,3
8,17
8,12
8,4
8,16
8,11
8,1
8,9
48,4
48,3
48,2
48,1
48,0
47,3
47,2
47,1
47,0
46,4
46,3
46,2
46,1
46,0
45,4
45,3
45,2
45,1
45,0
44,4
44,3
44,2
44,1
44,0
32,3
32,2
32,1
20,3
20,2
20,1
19,2
19,1
12,3
12,2
19,3
12,1
11,27
11,25
11,24
11,22
11,21
11,20
11,19
11,16
11,13
11,12
11,11
11,10
11,9
11,8
11,7
11,5
11,4
11,3
11,2
11,1
10,300
10,247
10,242
10,224
10,222
10,216
10,205
10,204
10,203
10,190
10,189
10,186
10,183
10,181
10,179
10,169
10,159
